0.385528002428
0.202269665003
0.0
0.499224122207
-0.287720769292
0.0
2.85972846911
2.68947021396
0.0
2.28709178297
1.82027077738
0.0
0.569906675182
0.444899190578
0.0
0.176998336866
2.99437081932
0.0
4.78553827571
4.98154515192
0.0
1.07081508277
2.10911525221
0.0
1.07357702331
-2.68223736818
0.0
1.58126276544
2.32530499071
0.0
1.68455165414
0.304426145881
0.0
2.74981843673
2.48833820428
0.0
2.06340382355
-0.992254685378
0.0
-1.66239985382
-1.96603627594
0.0
4.26044503217
-1.81232732546
0.0
1.31106058854
3.39881135052
0.0
-1.45892941871
-0.938357785135
0.0
0.966064598848
0.133471066042
0.0
-0.534367436775
2.00864586057
0.0
-0.834846034946
-0.848444816545
0.0
3.45880756758
-0.226237542381
0.0
-1.13970865055
2.20777201643
0.0
-1.5616601744
-1.65195059201
0.0
0.443926252011
2.32590530159
0.0
0.372528535427
0.462763671961
0.0
1.92877584849
0.874705964609
0.0
1.43053058329
1.10656829947
0.0
-0.595207994538
-1.45186274822
0.0
1.41856794671
1.58742410077
0.0
0.785537130392
0.30492070891
0.0
2.37543769371
1.77398386381
0.0
0.835372806597
0.799624526041
0.0
0.891872143026
0.495808831301
0.0
1.03269543903
3.20927768563
0.0
1.83958126297
-0.0631157449248
0.0
1.31123848839
-0.412993287293
0.0
-1.29687714958
-1.27173367984
0.0
-1.16004295319
-0.0583786643018
0.0
1.59044945189
0.637413344125
0.0
0.976917441598
0.768327639127
0.0
-1.09400404778
2.11990486547
0.0
1.46085059634
-1.0984870735
0.0
-1.06157351466
2.18617749478
0.0
-0.514534198337
1.50457439981
0.0
-0.425020065587
3.00289875784
0.0
-1.4437635485
1.35966583953
0.0
3.10750754551
2.58837690542
0.0
1.02620766126
-0.827262480226
0.0
0.779749866475
3.00714649829
0.0
-0.230092161626
0.182970676657
0.0
